%YAML:1.0
leftCameraMatrix: !!opencv-matrix
   rows: 3
   cols: 3
   dt: d
   data: [ 1.6877389694406349e+03, 0., 5.3790048508018924e+02, 0.,
       1.7403444294548426e+03, 5.9557974409434837e+02, 0., 0., 1. ]
rightCameraMatrix: !!opencv-matrix
   rows: 3
   cols: 3
   dt: d
   data: [ 9.5889014558615952e+02, 0., 7.1765213606076168e+02, 0.,
       9.6453980823646077e+02, 5.0223825997845540e+02, 0., 0., 1. ]
leftDistCoeffs: !!opencv-matrix
   rows: 1
   cols: 5
   dt: d
   data: [ -8.6646696244370769e-01, 4.5994279784963190e+00,
       -1.6050507907120634e-02, 6.5362223736174729e-02,
       -2.2381876652665415e+01 ]
rightDistCoeffs: !!opencv-matrix
   rows: 1
   cols: 5
   dt: d
   data: [ -4.5378545022917727e-01, 1.1714601202453412e+00,
       -3.3475715604057380e-03, -2.7199817295262361e-02,
       -2.0934967365950437e+00 ]
